%%MatrixMarket matrix coordinate real general
%-------------------------------------------------------------------------------
% UF Sparse Matrix Collection, Tim Davis
% http://www.cise.ufl.edu/research/sparse/matrices/DRIVCAV/cavity10
% name: DRIVCAV/cavity10
% [Driven Cavity  15 x 15, Reynolds number: 0]
% id: 389
% date: 1996
% author: A. Chapman
% ed: A. Baggag, Y. Saad
% fields: title A Zeros b x name id kind notes date author ed
% kind: computational fluid dynamics problem sequence
%-------------------------------------------------------------------------------
% notes:
% next: DRIVCAV/cavity11 first: DRIVCAV/cavity10
%-------------------------------------------------------------------------------
2597 2597 76367
1 1 1
2 2 1
3 3 1
4 4 1
1 5 -.0333333333333228
2 5 -.0277777777777729
3 5 -.22222222222226
4 5 -1.33226762955019e-15
5 5 3.73333333333265
6 5 -1.68753899743024e-14
7 5 .0222222222221514
8 5 8.88178419700125e-16
9 5 .199999999999974
10 5 .111111111111086
11 5 -.0888888888888908
12 5 0
13 5 -1.11111111111087
14 5 1.06581410364015e-14
15 5 .133333333333303
16 5 .111111111111102
17 5 -.533333333333221
18 5 -.444444444444402
19 5 -.0111111111111084
20 5 -.00740740740740498
21 5 -.0111111111111091
22 5 -.222222222222252
23 5 -8.88178419700125e-16
24 5 -.0333333333333243
25 5 .0277777777777719
26 5 -.0888888888885226
27 5 5.32907051820075e-15
28 5 .19999999999998
29 5 -.111111111111088
30 5 .133333333333316
31 5 -.111111111111104
32 5 -.533333333333335
33 5 .444444444444406
34 5 -.0111111111111128
35 5 -.00740740740740775
36 5 .0111111111111117
232 5 -.0333333333333223
233 5 .0277777777777727
234 5 .02222222222217
235 5 -6.66133814775094e-15
236 5 .199999999999982
237 5 -.111111111111089
238 5 .133333333333303
239 5 -.111111111111103
240 5 -1.11111111111097
241 5 7.105427357601e-15
242 5 -.533333333333232
243 5 .444444444444409
244 5 .0111111111111084
245 5 -.00740740740740498
246 5 .0111111111111092
247 5 -.0333333333333217
248 5 -.027777777777772
249 5 .133333333333296
250 5 .1111111111111
251 5 .199999999999977
252 5 .111111111111088
253 5 -.533333333333314
254 5 -.444444444444397
255 5 .0111111111111125
256 5 -.00740740740740764
257 5 -.0111111111111117
1 6 -.0277777777777728
2 6 -.0333333333333212
3 6 -4.44089209850063e-16
4 6 .0222222222221338
5 6 -1.68753899743024e-14
6 6 3.7333333333325
7 6 1.77635683940025e-15
8 6 -.222222222222235
9 6 .111111111111101
10 6 .133333333333303
11 6 -1.77635683940025e-15
12 6 -1.11111111111092
13 6 1.06581410364015e-14
14 6 -.0888888888888193
15 6 .111111111111089
16 6 .199999999999973
17 6 -.444444444444404
18 6 -.533333333333236
19 6 -.0111111111111098
20 6 -.0111111111111098
21 6 -.00740740740740586
22 6 -4.44089209850063e-16
23 6 .0222222222221458
24 6 .0277777777777719
25 6 -.0333333333333221
26 6 1.77635683940025e-15
27 6 -1.11111111111054
28 6 -.111111111111102
29 6 .133333333333308
30 6 -.111111111111092
31 6 .199999999999963
32 6 .444444444444407
33 6 -.53333333333326
34 6 .0111111111111101
35 6 .01111111111111
36 6 -.00740740740740609
232 6 .0277777777777726
233 6 -.0333333333333217
234 6 -6.21724893790088e-15
235 6 -.222222222222211
236 6 -.111111111111104
237 6 .133333333333309
238 6 -.111111111111089
239 6 .199999999999973
240 6 1.06581410364015e-14
241 6 -.0888888888888979
242 6 .444444444444413
243 6 -.53333333333325
244 6 -.0111111111111094
245 6 .0111111111111095
246 6 -.00740740740740561
247 6 -.0277777777777719
248 6 -.0333333333333183
249 6 .111111111111087
250 6 .199999999999933
251 6 .111111111111102
252 6 .133333333333308
253 6 -.444444444444404
254 6 -.533333333333232
255 6 .0111111111111093
256 6 -.0111111111111092
257 6 -.00740740740740584
7 7 1
8 8 1
9 9 1
10 10 1
1 11 .13333333333332
2 11 .111111111111094
3 11 -.0888888888885306
4 11 1.06581410364015e-14
5 11 -.0888888888888908
6 11 -1.77635683940025e-15
7 11 .133333333333314
8 11 -.111111111111089
9 11 -.53333333333331
10 11 -.444444444444349
11 11 6.39999999999958
12 11 -3.73034936274053e-14
13 11 -.533333333333246
14 11 .444444444444366
15 11 .177777777777669
16 11 -7.54951656745106e-15
17 11 -2.48888888888879
18 11 4.44089209850063e-15
19 11 -.0444444444444463
20 11 -.0296296296296281
21 11 1.36002320516582e-15
232 11 .133333333333306
233 11 -.11111111111109
234 11 .133333333333304
235 11 .111111111111088
236 11 -.533333333333331
237 11 .444444444444358
238 11 .177777777777704
239 11 -2.22044604925031e-15
240 11 -.533333333333236
241 11 -.444444444444356
242 11 -2.48888888888888
243 11 7.105427357601e-15
244 11 .0444444444444465
245 11 -.0296296296296287
246 11 -1.83186799063151e-15
1 12 .111111111111108
2 12 .199999999999966
3 12 1.24344978758018e-14
4 12 -1.11111111111053
5 12 0
6 12 -1.11111111111092
7 12 -.111111111111102
8 12 .199999999999987
9 12 -.444444444444454
10 12 -.533333333333243
11 12 -3.73034936274053e-14
12 12 5.33333333333255
13 12 .444444444444468
14 12 -.533333333333307
15 12 -6.88338275267597e-15
16 12 -.177777777777798
17 12 2.66453525910038e-15
18 12 -.711111111111165
19 12 7.7715611723761e-16
20 12 5.55111512312578e-16
21 12 .0148148148148122
232 12 -.111111111111103
233 12 .199999999999959
234 12 .111111111111101
235 12 .199999999999972
236 12 .444444444444466
237 12 -.533333333333278
238 12 -1.55431223447522e-15
239 12 -.177777777777771
240 12 -.444444444444459
241 12 -.533333333333257
242 12 7.105427357601e-15
243 12 -.711111111111201
244 12 -4.9960036108132e-16
245 12 6.10622663543836e-16
246 12 .0148148148148118
1 13 .199999999999998
2 13 .111111111111107
3 13 .199999999999979
4 13 -.111111111111106
5 13 -1.11111111111087
6 13 1.06581410364015e-14
7 13 -1.11111111111084
8 13 -8.88178419700125e-15
9 13 -.177777777777811
10 13 1.49838988953114e-14
11 13 -.533333333333246
12 13 .444444444444468
13 13 5.33333333333258
14 13 -4.53896179900915e-14
15 13 -.533333333333232
16 13 -.444444444444464
17 13 -.711111111111254
18 13 -2.14273043752655e-14
19 13 -8.88349750413823e-17
20 13 .0148148148148101
21 13 -3.53883589099269e-16
22 13 .199999999999974
23 13 .111111111111103
24 13 .199999999999995
25 13 -.111111111111101
26 13 -.533333333333296
27 13 -.444444444444459
28 13 -.17777777777781
29 13 2.48361002545736e-15
30 13 -.533333333333392
31 13 .444444444444468
32 13 -.711111111110796
33 13 3.21964677141295e-14
34 13 6.74186358317766e-17
35 13 .0148148148148148
36 13 -3.88578058618805e-16
1 14 .111111111111093
2 14 .13333333333332
3 14 -.111111111111093
4 14 .133333333333313
5 14 1.06581410364015e-14
6 14 -.0888888888888193
7 14 -5.32907051820075e-15
8 14 -.0888888888887847
9 14 1.42067427780738e-14
10 14 .177777777777678
11 14 .444444444444366
12 14 -.533333333333307
13 14 -4.53896179900915e-14
14 14 6.39999999999932
15 14 -.444444444444359
16 14 -.53333333333326
17 14 -1.89848137210902e-14
18 14 -2.48888888888892
19 14 -.044444444444445
20 14 -4.23272528138341e-16
21 14 -.0296296296296277
22 14 .11111111111109
23 14 .13333333333331
24 14 -.111111111111088
25 14 .133333333333318
26 14 -.444444444444358
27 14 -.53333333333325
28 14 2.48361002545736e-15
29 14 .177777777777676
30 14 .444444444444365
31 14 -.533333333333321
32 14 2.90878432451789e-14
33 14 -2.48888888888833
34 14 .0444444444444447
35 14 4.85722573273506e-17
36 14 -.0296296296296276
15 15 1
16 16 1
1 17 -.533333333333474
2 17 -.444444444444443
3 17 -.533333333333317
4 17 .44444444444442
5 17 -.533333333333221
6 17 -.444444444444404
7 17 -.533333333333264
8 17 .444444444444406
9 17 -.711111111110764
10 17 -8.79296635503124e-14
11 17 -2.48888888888879
12 17 2.66453525910038e-15
13 17 -.711111111111254
14 17 -1.89848137210902e-14
15 17 -2.48888888888867
16 17 3.99680288865056e-14
17 17 8.53333333333273
18 17 8.03801469828634e-14
19 17 -8.32667268468867e-17
20 17 .0592592592592565
21 17 8.88178419700125e-16
1 18 -.444444444444441
2 18 -.533333333333378
3 18 .444444444444416
4 18 -.53333333333325
5 18 -.444444444444402
6 18 -.533333333333236
7 18 .444444444444407
8 18 -.533333333333289
9 18 -8.62643290133747e-14
10 18 -2.4888888888883
11 18 4.44089209850063e-15
12 18 -.711111111111165
13 18 -2.14273043752655e-14
14 18 -2.48888888888892
15 18 3.81916720471054e-14
16 18 -.711111111111052
17 18 8.03801469828634e-14
18 18 8.53333333333251
19 18 2.22044604925031e-16
20 18 -3.79326200080232e-16
21 18 .0592592592592545
19 19 1
1 20 .00740740740740786
2 20 .0111111111111098
3 20 .00740740740740775
4 20 -.0111111111111097
5 20 .00740740740740498
6 20 .0111111111111098
7 20 .00740740740740575
8 20 -.01111111111111
9 20 -.0148148148148131
10 20 -4.85722573273506e-17
11 20 .0296296296296281
12 20 -5.55111512312578e-16
13 20 -.0148148148148101
14 20 4.23272528138341e-16
15 20 .0296296296296252
16 20 0
17 20 -.0592592592592565
18 20 3.79326200080232e-16
1 21 .0111111111111117
2 21 .00740740740740603
3 21 -.0111111111111125
4 21 .007407407407406
5 21 .0111111111111091
6 21 .00740740740740586
7 21 -.0111111111111091
8 21 .00740740740740603
9 21 3.43475248243408e-15
10 21 .0296296296296271
11 21 -1.36002320516582e-15
12 21 -.0148148148148122
13 21 3.53883589099269e-16
14 21 .0296296296296277
15 21 -6.66133814775094e-16
16 21 -.014814814814812
17 21 -8.88178419700125e-16
18 21 -.0592592592592545
5 22 -.222222222222252
6 22 -4.44089209850063e-16
7 22 -.0333333333333194
8 22 -.0277777777777726
13 22 .199999999999974
14 22 .11111111111109
22 22 3.7333333333325
23 22 1.06581410364015e-14
24 22 .0222222222221455
25 22 3.5527136788005e-15
26 22 -.0888888888889388
27 22 8.88178419700125e-15
28 22 -1.11111111111077
29 22 5.32907051820075e-15
30 22 .133333333333296
31 22 .1111111111111
32 22 -.533333333333228
33 22 -.444444444444409
34 22 -.0111111111111081
35 22 -.00740740740740498
36 22 -.0111111111111089
37 22 -.222222222222211
38 22 -8.43769498715119e-15
39 22 -.033333333333323
40 22 .0277777777777725
41 22 -.0888888888888455
42 22 -1.77635683940025e-15
43 22 .199999999999975
44 22 -.111111111111093
45 22 .133333333333312
46 22 -.111111111111103
47 22 -.533333333333257
48 22 .444444444444411
49 22 -.0111111111111095
50 22 -.00740740740740581
51 22 .0111111111111097
234 22 -.0333333333333226
235 22 .0277777777777725
240 22 .199999999999986
241 22 -.11111111111109
247 22 .0222222222221415
248 22 -4.44089209850063e-16
249 22 .133333333333304
250 22 -.1111111111111
251 22 -1.11111111111062
252 22 -5.32907051820075e-15
253 22 -.533333333333239
254 22 .444444444444409
255 22 .0111111111111084
256 22 -.00740740740740509
257 22 .0111111111111092
258 22 -.033333333333323
259 22 -.027777777777772
260 22 .133333333333327
261 22 .111111111111102
262 22 .199999999999965
263 22 .111111111111087
264 22 -.533333333333314
265 22 -.444444444444414
266 22 .0111111111111091
267 22 -.00740740740740586
268 22 -.0111111111111089
5 23 -8.88178419700125e-16
6 23 .0222222222221458
7 23 -.0277777777777724
8 23 -.0333333333333203
13 23 .111111111111103
14 23 .13333333333331
22 23 1.06581410364015e-14
23 23 3.73333333333268
24 23 4.88498130835069e-15
25 23 -.222222222222246
26 23 1.24344978758018e-14
27 23 -1.11111111111097
28 23 -3.5527136788005e-15
29 23 -.0888888888887367
30 23 .111111111111086
31 23 .199999999999972
32 23 -.444444444444407
33 23 -.533333333333282
34 23 -.01111111111111
35 23 -.01111111111111
36 23 -.00740740740740614
37 23 -7.54951656745106e-15
38 23 .0222222222221786
39 23 .0277777777777725
40 23 -.0333333333333243
41 23 -3.5527136788005e-15
42 23 -1.11111111111092
43 23 -.111111111111106
44 23 .133333333333311
45 23 -.111111111111089
46 23 .199999999999982
47 23 .444444444444413
48 23 -.533333333333275
49 23 .0111111111111097
50 23 .0111111111111096
51 23 -.00740740740740586
234 23 .0277777777777724
235 23 -.0333333333333239
240 23 -.111111111111104
241 23 .133333333333318
247 23 -4.44089209850063e-16
248 23 -.222222222222264
249 23 -.111111111111087
250 23 .199999999999981
251 23 -7.105427357601e-15
252 23 -.0888888888886101
253 23 .444444444444411
254 23 -.533333333333278
255 23 -.01111111111111
256 23 .01111111111111
257 23 -.0074074074074062
258 23 -.0277777777777721
259 23 -.0333333333333232
260 23 .111111111111089
261 23 .2
262 23 .1111111111111
263 23 .133333333333309
264 23 -.444444444444411
265 23 -.533333333333342
266 23 .0111111111111106
267 23 -.0111111111111103
268 23 -.00740740740740656
24 24 1
25 25 1
5 26 -.0888888888885226
6 26 1.77635683940025e-15
7 26 .133333333333286
8 26 .111111111111087
13 26 -.533333333333296
14 26 -.444444444444358
22 26 -.0888888888889388
23 26 1.24344978758018e-14
24 26 .133333333333322
25 26 -.11111111111109
26 26 6.39999999999964
27 26 -1.24344978758018e-14
28 26 -.53333333333325
29 26 .44444444444435
30 26 .177777777777712
31 26 6.43929354282591e-15
32 26 -2.48888888888881
33 26 -1.06581410364015e-14
34 26 -.0444444444444463
35 26 -.0296296296296285
36 26 1.99840144432528e-15
234 26 .133333333333309
235 26 -.111111111111092
240 26 -.533333333333371
241 26 .44444444444437
247 26 .133333333333314
248 26 .111111111111092
249 26 .177777777777712
250 26 -3.33066907387547e-15
251 26 -.533333333333214
252 26 -.444444444444356
253 26 -2.48888888888889
254 26 -1.77635683940025e-15
255 26 .0444444444444463
256 26 -.0296296296296288
257 26 -2.33146835171283e-15
5 27 5.32907051820075e-15
6 27 -1.11111111111054
7 27 .1111111111111
8 27 .199999999999949
13 27 -.444444444444459
14 27 -.53333333333325
22 27 8.88178419700125e-15
23 27 -1.11111111111097
24 27 -.111111111111103
25 27 .199999999999979
26 27 -1.24344978758018e-14
27 27 5.3333333333326
28 27 .444444444444454
29 27 -.53333333333326
30 27 5.32907051820075e-15
31 27 -.177777777777771
32 27 -7.105427357601e-15
33 27 -.711111111111162
34 27 -4.44089209850063e-16
35 27 -3.88578058618805e-16
36 27 .0148148148148121
234 27 -.111111111111104
235 27 .199999999999969
240 27 .444444444444471
241 27 -.533333333333296
247 27 .111111111111104
248 27 .199999999999982
249 27 -3.33066907387547e-15
250 27 -.177777777777775
251 27 -.444444444444457
252 27 -.533333333333267
253 27 -3.5527136788005e-15
254 27 -.711111111111219
255 27 6.66133814775094e-16
256 27 -4.44089209850063e-16
257 27 .0148148148148122
5 28 .19999999999998
6 28 -.111111111111102
7 28 .199999999999961
8 28 .111111111111103
13 28 -.17777777777781
14 28 2.48361002545736e-15
22 28 -1.11111111111077
23 28 -3.5527136788005e-15
24 28 -1.11111111111077
25 28 -1.24344978758018e-14
26 28 -.53333333333325
27 28 .444444444444454
28 28 5.33333333333258
29 28 -3.92946991817556e-14
30 28 -.533333333333164
31 28 -.444444444444448
32 28 -.711111111111201
33 28 3.81916720471054e-14
34 28 2.27869849190174e-17
35 28 .0148148148148107
36 28 -3.67761376907083e-16
37 28 .199999999999954
38 28 .111111111111098
39 28 .199999999999958
40 28 -.111111111111101
41 28 -.533333333333289
42 28 -.444444444444461
43 28 -.177777777777742
44 28 -1.31581988103751e-16
45 28 -.533333333333328
46 28 .444444444444468
47 28 -.711111111111119
48 28 1.55431223447522e-15
49 28 1.2601373990923e-16
50 28 .0148148148148124
51 28 -6.24500451351651e-17
5 29 -.111111111111088
6 29 .133333333333308
7 29 .11111111111109
8 29 .1333333333333
13 29 2.48361002545736e-15
14 29 .177777777777676
22 29 5.32907051820075e-15
23 29 -.0888888888887367
24 29 -1.59872115546023e-14
25 29 -.0888888888887513
26 29 .44444444444435
27 29 -.53333333333326
28 29 -3.92946991817556e-14
29 29 6.39999999999955
30 29 -.444444444444345
31 29 -.533333333333207
32 29 3.80806497446429e-14
33 29 -2.48888888888884
34 29 -.0444444444444438
35 29 2.04697370165263e-16
36 29 -.029629629629627
37 29 .111111111111086
38 29 .133333333333296
39 29 -.111111111111088
40 29 .133333333333306
41 29 -.444444444444359
42 29 -.533333333333267
43 29 -5.75671197953814e-16
44 29 .177777777777747
45 29 .444444444444363
46 29 -.533333333333335
47 29 -1.11022302462518e-15
48 29 -2.48888888888882
49 29 .0444444444444441
50 29 -4.68375338513738e-16
51 29 -.0296296296296271
30 30 1
31 31 1
5 32 -.533333333333335
6 32 .444444444444407
7 32 -.533333333333207
8 32 -.4444444444444
13 32 -.711111111110796
14 32 2.90878432451789e-14
22 32 -.533333333333228
23 32 -.444444444444407
24 32 -.533333333333349
25 32 .444444444444414
26 32 -2.48888888888881
27 32 -7.105427357601e-15
28 32 -.711111111111201
29 32 3.80806497446429e-14
30 32 -2.48888888888882
31 32 -1.95399252334028e-14
32 32 8.53333333333273
33 32 -5.49190322847922e-14
34 32 -2.4980018054066e-16
35 32 .0592592592592571
36 32 -2.66453525910038e-15
5 33 .444444444444406
6 33 -.53333333333326
7 33 -.444444444444398
8 33 -.533333333333221
13 33 3.21964677141295e-14
14 33 -2.48888888888833
22 33 -.444444444444409
23 33 -.533333333333282
24 33 .444444444444414
25 33 -.533333333333303
26 33 -1.06581410364015e-14
27 33 -.711111111111162
28 33 3.81916720471054e-14
29 33 -2.48888888888884
30 33 -1.50990331349021e-14
31 33 -.71111111111118
32 33 -5.49190322847922e-14
33 33 8.53333333333251
34 33 -2.22044604925031e-16
35 33 1.44945783770491e-16
36 33 .0592592592592551
5 34 .0111111111111128
6 34 -.0111111111111101
7 34 -.0111111111111103
8 34 -.0111111111111099
13 34 -6.74186358317766e-17
14 34 -.0444444444444447
22 34 .0111111111111081
23 34 .01111111111111
24 34 -.0111111111111106
25 34 .0111111111111101
26 34 .0444444444444463
27 34 4.44089209850063e-16
28 34 -2.27869849190174e-17
29 34 .0444444444444438
30 34 -.0444444444444467
31 34 0
32 34 2.4980018054066e-16
33 34 2.22044604925031e-16
5 35 .00740740740740775
6 35 -.01111111111111
7 35 .00740740740740614
8 35 .0111111111111099
13 35 -.0148148148148148
14 35 -4.85722573273506e-17
22 35 .00740740740740498
23 35 .01111111111111
24 35 .00740740740740664
25 35 -.0111111111111099
26 35 .0296296296296285
27 35 3.88578058618805e-16
28 35 -.0148148148148107
29 35 -2.04697370165263e-16
30 35 .0296296296296288
31 35 0
32 35 -.0592592592592571
33 35 -1.44945783770491e-16
5 36 -.0111111111111117
6 36 .00740740740740609
7 36 .0111111111111105
8 36 .00740740740740609
13 36 3.88578058618805e-16
14 36 .0296296296296276
22 36 .0111111111111089
23 36 .00740740740740614
24 36 -.0111111111111103
25 36 .00740740740740614
26 36 -1.99840144432528e-15
27 36 -.0148148148148121
28 36 3.67761376907083e-16
29 36 .029629629629627
30 36 1.36002320516582e-15
31 36 -.0148148148148122
32 36 2.66453525910038e-15
33 36 -.0592592592592551
22 37 -.222222222222211
23 37 -7.54951656745106e-15
24 37 -.0333333333333199
25 37 -.0277777777777719
28 37 .199999999999954
29 37 .111111111111086
37 37 3.73333333333267
38 37 -6.83897383169096e-14
39 37 .0222222222221705
40 37 2.66453525910038e-15
41 37 -.0888888888888864
42 37 1.24344978758018e-14
43 37 -1.11111111111101
44 37 -1.06581410364015e-14
45 37 .133333333333312
46 37 .111111111111101
47 37 -.533333333333193
48 37 -.444444444444391
49 37 -.0111111111111075
50 37 -.00740740740740453
51 37 -.0111111111111079
52 37 -.222222222222258
53 37 -1.33226762955019e-15
54 37 -.0333333333333263
55 37 .027777777777772
56 37 -.0888888888884583
57 37 2.66453525910038e-14
58 37 .199999999999998
59 37 -.111111111111089
60 37 .13333333333333
61 37 -.111111111111107
62 37 -.533333333333466
63 37 .444444444444427
64 37 -.011111111111115
65 37 -.00740740740740942
66 37 .0111111111111131
247 37 -.0333333333333208
248 37 .0277777777777724
251 37 .199999999999958
252 37 -.111111111111092
258 37 .022222222222185
259 37 -7.105427357601e-15
260 37 .133333333333298
261 37 -.111111111111101
262 37 -1.11111111111086
263 37 1.24344978758018e-14
264 37 -.533333333333232
265 37 .444444444444411
266 37 .0111111111111092
267 37 -.00740740740740536
268 37 .0111111111111093
269 37 -.0333333333333232
270 37 -.0277777777777719
271 37 .133333333333307
272 37 .111111111111101
273 37 .199999999999966
274 37 .111111111111084
275 37 -.533333333333307
276 37 -.44444444444439
277 37 .011111111111112
278 37 -.00740740740740781
279 37 -.0111111111111111
22 38 -8.43769498715119e-15
23 38 .0222222222221786
24 38 -.027777777777772
25 38 -.0333333333333217
28 38 .111111111111098
29 38 .133333333333296
37 38 -6.83897383169096e-14
38 38 3.73333333333254
39 38 3.10862446895044e-15
40 38 -.22222222222222
41 38 1.59872115546023e-14
42 38 -1.11111111111096
43 38 -1.77635683940025e-14
44 38 -.0888888888889388
45 38 .111111111111088
46 38 .199999999999988
47 38 -.444444444444391
48 38 -.533333333333243
49 38 -.0111111111111094
50 38 -.0111111111111095
51 38 -.00740740740740564
52 38 -1.33226762955019e-15
53 38 .0222222222221351
54 38 .027777777777772
55 38 -.0333333333333234
56 38 3.19744231092045e-14
57 38 -1.11111111111048
58 38 -.111111111111103
59 38 .133333333333316
60 38 -.111111111111093
61 38 .199999999999963
62 38 .444444444444423
63 38 -.533333333333307
64 38 .0111111111111098
65 38 .0111111111111098
66 38 -.00740740740740592
247 38 .0277777777777724
248 38 -.0333333333333217
251 38 -.111111111111104
252 38 .133333333333308
258 38 -7.54951656745106e-15
259 38 -.2222222222222
260 38 -.111111111111087
261 38 .199999999999974
262 38 1.77635683940025e-14
263 38 -.0888888888887678
264 38 .444444444444411
265 38 -.533333333333307
266 38 -.0111111111111108
267 38 .0111111111111102
268 38 -.00740740740740672
269 38 -.0277777777777719
270 38 -.0333333333333181
271 38 .111111111111088
272 38 .199999999999931
273 38 .111111111111097
274 38 .133333333333304
275 38 -.44444444444439
276 38 -.53333333333325
277 38 .0111111111111107
278 38 -.0111111111111101
279 38 -.00740740740740661
39 39 1
40 40 1
22 41 -.0888888888888455
23 41 -3.5527136788005e-15
24 41 .133333333333304
25 41 .111111111111089
28 41 -.533333333333289
29 41 -.444444444444359
37 41 -.0888888888888864
38 41 1.59872115546023e-14
39 41 .133333333333319
40 41 -.11111111111109
41 41 6.39999999999932
42 41 -1.86517468137026e-14
43 41 -.533333333333296
44 41 .44444444444437
45 41 .177777777777666
46 41 2.88657986402541e-15
47 41 -2.48888888888857
48 41 -1.24344978758018e-14
49 41 -.0444444444444421
50 41 -.0296296296296259
51 41 2.22044604925031e-16
247 41 .13333333333331
248 41 -.111111111111089
251 41 -.533333333333207
252 41 .444444444444354
258 41 .133333333333314
259 41 .111111111111091
260 41 .177777777777661
261 41 3.33066907387547e-15
262 41 -.533333333333303
263 41 -.444444444444356
264 41 -2.48888888888848
265 41 8.88178419700125e-16
266 41 .0444444444444421
267 41 -.0296296296296258
268 41 6.38378239159465e-16
22 42 -1.77635683940025e-15
23 42 -1.11111111111092
24 42 .111111111111102
25 42 .199999999999974
28 42 -.444444444444461
29 42 -.533333333333267
37 42 1.24344978758018e-14
38 42 -1.11111111111096
39 42 -.111111111111104
40 42 .199999999999992
41 42 -1.86517468137026e-14
42 42 5.33333333333263
43 42 .444444444444471
44 42 -.533333333333303
45 42 2.66453525910038e-15
46 42 -.177777777777826
47 42 -5.32907051820075e-15
48 42 -.711111111111013
49 42 5.55111512312578e-17
50 42 0
51 42 .0148148148148115
247 42 -.111111111111102
248 42 .199999999999978
251 42 .444444444444457
252 42 -.53333333333326
258 42 .111111111111104
259 42 .199999999999977
260 42 3.10862446895044e-15
261 42 -.17777777777782
262 42 -.444444444444461
263 42 -.533333333333296
264 42 8.88178419700125e-16
265 42 -.711111111110931
266 42 -1.66533453693773e-16
267 42 1.11022302462516e-16
268 42 .0148148148148127
22 43 .199999999999975
23 43 -.111111111111106
24 43 .199999999999959
25 43 .111111111111104
28 43 -.177777777777742
29 43 -5.75671197953814e-16
37 43 -1.11111111111101
38 43 -1.77635683940025e-14
39 43 -1.11111111111078
40 43 0
41 43 -.533333333333296
42 43 .444444444444471
43 43 5.33333333333269
44 43 -4.10443284298221e-14
45 43 -.533333333333271
46 43 -.44444444444447
47 43 -.711111111111421
48 43 4.21884749357559e-15
49 43 3.45831045556464e-16
50 43 .0148148148148103
51 43 3.33066907387547e-16
52 43 .199999999999973
53 43 .111111111111101
54 43 .199999999999995
55 43 -.111111111111101
56 43 -.533333333333236
57 43 -.444444444444448
58 43 -.177777777777838
59 43 5.39897344938029e-15
60 43 -.533333333333378
61 43 .444444444444461
62 43 -.71111111111065
63 43 3.34177130412172e-14
64 43 3.17047485658739e-16
65 43 .0148148148148156
66 43 -8.53483950180589e-16
22 44 -.111111111111093
23 44 .133333333333311
24 44 .111111111111091
25 44 .133333333333304
28 44 -1.31581988103751e-16
29 44 .177777777777747
37 44 -1.06581410364015e-14
38 44 -.0888888888889388
39 44 5.32907051820075e-15
40 44 -.0888888888887287
41 44 .44444444444437
42 44 -.533333333333303
43 44 -4.10443284298221e-14
44 44 6.39999999999941
45 44 -.444444444444366
46 44 -.533333333333317
47 44 1.88737914186279e-15
48 44 -2.48888888888918
49 44 -.0444444444444441
50 44 4.68375338513738e-16
51 44 -.0296296296296272
52 44 .111111111111089
53 44 .133333333333296
54 44 -.111111111111088
55 44 .133333333333321
56 44 -.444444444444343
57 44 -.533333333333157
58 44 5.73204035676784e-15
59 44 .177777777777649
60 44 .444444444444358
61 44 -.533333333333314
62 44 2.7533531010704e-14
63 44 -2.48888888888817
64 44 .0444444444444441
65 44 -3.78169717762944e-16
66 44 -.029629629629627
45 45 1
46 46 1
22 47 -.533333333333257
23 47 .444444444444413
24 47 -.533333333333228
25 47 -.444444444444404
28 47 -.711111111111119
29 47 -1.11022302462518e-15
37 47 -.533333333333193
38 47 -.444444444444391
39 47 -.533333333333211
40 47 .444444444444398
41 47 -2.48888888888857
42 47 -5.32907051820075e-15
43 47 -.711111111111421
44 47 1.88737914186279e-15
45 47 -2.48888888888843
46 47 5.32907051820075e-15
47 47 8.53333333333239
48 47 -1.61845845367572e-14
49 47 8.32667268468867e-17
50 47 .0592592592592494
51 47 -2.77555756156289e-16
22 48 .444444444444411
23 48 -.533333333333275
24 48 -.444444444444404
25 48 -.533333333333264
28 48 1.55431223447522e-15
29 48 -2.48888888888882
37 48 -.444444444444391
38 48 -.533333333333243
39 48 .4444444444444
40 48 -.533333333333289
41 48 -1.24344978758018e-14
42 48 -.711111111111013
43 48 4.21884749357559e-15
44 48 -2.48888888888918
45 48 6.21724893790088e-15
46 48 -.711111111110871
47 48 -1.61845845367572e-14
48 48 8.53333333333285
49 48 -2.22044604925031e-16
50 48 -3.28954970259293e-16
51 48 .0592592592592542
22 49 .0111111111111095
23 49 -.0111111111111097
24 49 -.0111111111111091
25 49 -.0111111111111102
28 49 -1.2601373990923e-16
29 49 -.0444444444444441
37 49 .0111111111111075
38 49 .0111111111111094
39 49 -.0111111111111074
40 49 .0111111111111104
41 49 .0444444444444421
42 49 -5.55111512312578e-17
43 49 -3.45831045556464e-16
44 49 .0444444444444441
45 49 -.0444444444444418
46 49 0
47 49 -8.32667268468867e-17
48 49 2.22044604925031e-16
22 50 .00740740740740581
23 50 -.0111111111111096
24 50 .00740740740740548
25 50 .01111111111111
28 50 -.0148148148148124
29 50 4.68375338513738e-16
37 50 .00740740740740453
38 50 .0111111111111095
39 50 .00740740740740453
40 50 -.0111111111111101
41 50 .0296296296296259
42 50 0
43 50 -.0148148148148103
44 50 -4.68375338513738e-16
45 50 .0296296296296258
46 50 1.11022302462516e-16
47 50 -.0592592592592494
48 50 3.28954970259293e-16
22 51 -.0111111111111097
23 51 .00740740740740586
24 51 .0111111111111092
25 51 .00740740740740617
28 51 6.24500451351651e-17
29 51 .0296296296296271
37 51 .0111111111111079
38 51 .00740740740740564
39 51 -.0111111111111079
40 51 .00740740740740631
41 51 -2.22044604925031e-16
42 51 -.0148148148148115
43 51 -3.33066907387547e-16
44 51 .0296296296296272
45 51 5.82867087928207e-16
46 51 -.0148148148148126
47 51 2.77555756156289e-16
48 51 -.0592592592592542
37 52 -.222222222222258
38 52 -1.33226762955019e-15
39 52 -.0333333333333183
40 52 -.0277777777777727
43 52 .199999999999973
44 52 .111111111111089
52 52 3.73333333333251
53 52 -2.04281036531029e-14
54 52 .0222222222221423
55 52 3.99680288865056e-15
56 52 -.0888888888889698
57 52 7.105427357601e-15
58 52 -1.11111111111075
59 52 8.88178419700125e-15
60 52 .133333333333282
61 52 .1111111111111
62 52 -.533333333333182
63 52 -.444444444444407
64 52 -.0111111111111085
65 52 -.00740740740740492
66 52 -.0111111111111095
67 52 -.222222222222199
68 52 6.21724893790088e-15
69 52 -.0333333333333206
70 52 .0277777777777722
71 52 -.0888888888888864
72 52 7.105427357601e-15
73 52 .199999999999958
74 52 -.111111111111089
75 52 .133333333333318
76 52 -.111111111111103
77 52 -.533333333333267
78 52 .444444444444407
79 52 -.0111111111111092
80 52 -.00740740740740581
81 52 .0111111111111091
258 52 -.0333333333333199
259 52 .0277777777777726
262 52 .199999999999985
263 52 -.111111111111094
269 52 .0222222222221199
270 52 -8.88178419700125e-15
271 52 .13333333333328
272 52 -.111111111111097
273 52 -1.11111111111061
274 52 -1.06581410364015e-14
275 52 -.533333333333211
276 52 .444444444444414
277 52 .0111111111111087
278 52 -.00740740740740475
279 52 .0111111111111096
280 52 -.0333333333333257
281 52 -.0277777777777729
282 52 .133333333333318
283 52 .111111111111104
284 52 .199999999999961
285 52 .11111111111109
286 52 -.53333333333326
287 52 -.444444444444404
288 52 .0111111111111091
289 52 -.00740740740740553
290 52 -.0111111111111092
37 53 -1.33226762955019e-15
38 53 .0222222222221351
39 53 -.0277777777777725
40 53 -.0333333333333179
43 53 .111111111111101
44 53 .133333333333296
52 53 -2.04281036531029e-14
53 53 3.73333333333271
54 53 2.66453525910038e-15
55 53 -.222222222222253
56 53 1.06581410364015e-14
57 53 -1.11111111111098
58 53 7.105427357601e-15
59 53 -.0888888888887367
60 53 .111111111111087
61 53 .19999999999996
62 53 -.444444444444409
63 53 -.533333333333218
64 53 -.0111111111111096
65 53 -.0111111111111097
66 53 -.00740740740740573
67 53 6.66133814775094e-15
68 53 .0222222222221879
69 53 .027777777777772
70 53 -.0333333333333226
71 53 3.5527136788005e-15
72 53 -1.11111111111095
73 53 -.111111111111101
74 53 .133333333333301
75 53 -.111111111111089
76 53 .199999999999985
77 53 .444444444444407
78 53 -.533333333333278
79 53 .0111111111111095
80 53 .0111111111111096
81 53 -.00740740740740573
258 53 .0277777777777725
259 53 -.0333333333333219
262 53 -.111111111111108
263 53 .133333333333323
269 53 -7.99360577730113e-15
270 53 -.222222222222269
271 53 -.111111111111085
272 53 .199999999999968
273 53 -1.4210854715202e-14
274 53 -.0888888888886146
275 53 .444444444444414
276 53 -.533333333333282
277 53 -.0111111111111106
278 53 .0111111111111103
279 53 -.00740740740740664
280 53 -.0277777777777726
281 53 -.0333333333333237
282 53 .11111111111109
283 53 .19999999999998
284 53 .111111111111103
285 53 .133333333333309
286 53 -.4444444444444
287 53 -.533333333333296
288 53 .0111111111111108
289 53 -.0111111111111102
290 53 -.00740740740740681
54 54 1
55 55 1
37 56 -.0888888888884583
38 56 3.19744231092045e-14
39 56 .133333333333278
40 56 .111111111111085
43 56 -.533333333333236
44 56 -.444444444444343
52 56 -.0888888888889698
53 56 1.06581410364015e-14
54 56 .133333333333326
55 56 -.111111111111091
56 56 6.39999999999955
57 56 -6.83897383169096e-14
58 56 -.53333333333325
59 56 .444444444444352
60 56 .177777777777719
61 56 4.88498130835069e-15
62 56 -2.48888888888897
63 56 0
64 56 -.0444444444444467
65 56 -.0296296296296289
66 56 1.83186799063151e-15
258 56 .133333333333312
259 56 -.11111111111109
262 56 -.533333333333395
263 56 .444444444444377
269 56 .133333333333319
270 56 .111111111111093
271 56 .177777777777722
272 56 -1.04360964314765e-14
273 56 -.533333333333225
274 56 -.444444444444349
275 56 -2.48888888888874
276 56 -8.88178419700125e-16
277 56 .0444444444444467
278 56 -.0296296296296291
279 56 -2.4980018054066e-15
37 57 2.66453525910038e-14
38 57 -1.11111111111048
39 57 .111111111111098
40 57 .199999999999932
43 57 -.444444444444448
44 57 -.533333333333157
52 57 7.105427357601e-15
53 57 -1.11111111111098
54 57 -.111111111111104
55 57 .199999999999986
56 57 -6.83897383169096e-14
57 57 5.33333333333252
58 57 .444444444444459
59 57 -.533333333333275
60 57 3.99680288865056e-15
61 57 -.177777777777759
62 57 7.105427357601e-15
63 57 -.711111111111293
64 57 6.10622663543836e-16
65 57 4.44089209850063e-16
66 57 .0148148148148115
258 57 -.111111111111104
259 57 .199999999999966
262 57 .44444444444448
263 57 -.533333333333356
269 57 .111111111111107
270 57 .199999999999984
271 57 -9.76996261670138e-15
272 57 -.177777777777763
273 57 -.44444444444445
274 57 -.533333333333278
275 57 -5.32907051820075e-15
276 57 -.711111111111084
277 57 -6.10622663543836e-16
278 57 5.55111512312578e-16
279 57 .0148148148148134
37 58 .199999999999998
38 58 -.111111111111103
39 58 .199999999999964
40 58 .111111111111102
43 58 -.177777777777838
44 58 5.73204035676784e-15
52 58 -1.11111111111075
53 58 7.105427357601e-15
54 58 -1.11111111111072
55 58 -1.06581410364015e-14
56 58 -.53333333333325
57 58 .444444444444459
58 58 5.33333333333246
59 58 -5.03630059466991e-14
60 58 -.533333333333122
61 58 -.444444444444445
62 58 -.711111111111205
63 58 3.36397576461422e-14
64 58 9.94403462179727e-16
65 58 .01481481481481
66 58 4.5102810375397e-16
67 58 .19999999999997
68 58 .111111111111103
69 58 .199999999999959
70 58 -.111111111111103
71 58 -.533333333333243
72 58 -.444444444444459
73 58 -.177777777777757
74 58 5.32907051820075e-15
75 58 -.533333333333303
76 58 .444444444444466
77 58 -.711111111111215
78 58 -6.77236045021345e-15
79 58 -1.10328413072125e-15
80 58 .0148148148148116
81 58 3.60822483003176e-16
37 59 -.111111111111089
38 59 .133333333333316
39 59 .11111111111109
40 59 .133333333333305
43 59 5.39897344938029e-15
44 59 .177777777777649
52 59 8.88178419700125e-15
53 59 -.0888888888887367
54 59 -1.4210854715202e-14
55 59 -.0888888888886945
56 59 .444444444444352
57 59 -.533333333333275
58 59 -5.03630059466991e-14
59 59 6.39999999999958
60 59 -.444444444444343
61 59 -.533333333333204
62 59 3.29736238313669e-14
63 59 -2.48888888888884
64 59 -.044444444444445
65 59 1.07552855510562e-16
66 59 -.0296296296296275
67 59 .11111111111109
68 59 .133333333333302
69 59 -.11111111111109
70 59 .133333333333309
71 59 -.444444444444354
72 59 -.533333333333253
73 59 5.77315972805081e-15
74 59 .177777777777727
75 59 .444444444444361
76 59 -.533333333333314
77 59 -4.66293670342566e-15
78 59 -2.48888888888892
79 59 .0444444444444445
80 59 -5.27355936696949e-16
81 59 -.0296296296296273
60 60 1
61 61 1
37 62 -.533333333333466
38 62 .444444444444423
39 62 -.53333333333326
40 62 -.444444444444406
43 62 -.71111111111065
44 62 2.7533531010704e-14
52 62 -.533333333333182
53 62 -.444444444444409
54 62 -.533333333333378
55 62 .444444444444422
56 62 -2.48888888888897
57 62 7.105427357601e-15
58 62 -.711111111111205
59 62 3.29736238313669e-14
60 62 -2.48888888888884
61 62 -9.76996261670138e-15
62 62 8.53333333333291
63 62 -9.40482259971337e-14
64 62 7.49400541621981e-16
65 62 .0592592592592598
66 62 -2.80331313717852e-15
37 63 .444444444444427
38 63 -.533333333333307
39 63 -.444444444444407
40 63 -.53333333333326
43 63 3.34177130412172e-14
44 63 -2.48888888888817
52 63 -.444444444444407
53 63 -.533333333333218
54 63 .444444444444423
55 63 -.533333333333349
56 63 0
57 63 -.711111111111293
58 63 3.36397576461422e-14
59 63 -2.48888888888884
60 63 -1.15463194561016e-14
61 63 -.711111111111162
62 63 -9.40482259971337e-14
63 63 8.53333333333256
64 63 4.44089209850063e-16
65 63 -3.90634027182899e-16
66 63 .0592592592592551
37 64 .011111111111115
38 64 -.0111111111111098
39 64 -.0111111111111113
40 64 -.0111111111111104
43 64 -3.17047485658739e-16
44 64 -.0444444444444441
52 64 .0111111111111085
53 64 .0111111111111096
54 64 -.0111111111111104
55 64 .0111111111111104
56 64 .0444444444444467
57 64 -6.10622663543836e-16
58 64 -9.94403462179727e-16
59 64 .044444444444445
60 64 -.0444444444444463
61 64 -1.66533453693773e-16
62 64 -7.49400541621981e-16
63 64 -4.44089209850063e-16
37 65 .00740740740740942
38 65 -.0111111111111098
39 65 .00740740740740692
40 65 .0111111111111101
43 65 -.0148148148148156
44 65 3.78169717762944e-16
52 65 .00740740740740492
53 65 .0111111111111097
54 65 .00740740740740642
55 65 -.0111111111111102
56 65 .0296296296296289
57 65 -4.44089209850063e-16
58 65 -.01481481481481
59 65 -1.07552855510562e-16
60 65 .0296296296296288
61 65 0
62 65 -.0592592592592598
63 65 3.90634027182899e-16
37 66 -.0111111111111131
38 66 .00740740740740592
39 66 .011111111111111
40 66 .00740740740740639
43 66 8.53483950180589e-16
44 66 .029629629629627
52 66 .0111111111111095
53 66 .00740740740740573
54 66 -.0111111111111102
55 66 .00740740740740639
56 66 -1.83186799063151e-15
57 66 -.0148148148148115
58 66 -4.5102810375397e-16
59 66 .0296296296296275
60 66 1.55431223447522e-15
61 66 -.0148148148148125
62 66 2.80331313717852e-15
63 66 -.0592592592592551
52 67 -.222222222222199
53 67 6.66133814775094e-15
54 67 -.033333333333321
55 67 -.0277777777777724
58 67 .19999999999997
59 67 .11111111111109
67 67 3.73333333333251
68 67 -2.75335310107039e-14
69 67 .0222222222221315
70 67 8.88178419700125e-16
71 67 -.0888888888889214
72 67 -2.1316282072803e-14
73 67 -1.11111111111091
74 67 1.4210854715202e-14
75 67 .133333333333316
76 67 .111111111111104
77 67 -.533333333333303
78 67 -.444444444444414
79 67 -.0111111111111101
80 67 -.00740740740740603
81 67 -.0111111111111098
82 67 -.222222222222253
83 67 -5.77315972805081e-15
84 67 -.0333333333333237
85 67 .0277777777777722
86 67 -.0888888888887598
87 67 4.08562073062058e-14
88 67 .199999999999994
89 67 -.111111111111094
90 67 .133333333333305
91 67 -.111111111111104
92 67 -.533333333333253
93 67 .444444444444409
94 67 -.0111111111111104
95 67 -.00740740740740603
96 67 .0111111111111107
269 67 -.033333333333317
270 67 .0277777777777716
273 67 .199999999999953
274 67 -.111111111111089
280 67 .0222222222221589
281 67 -1.77635683940025e-15
282 67 .133333333333292
283 67 -.111111111111097
284 67 -1.11111111111062
285 67 -1.59872115546023e-14
286 67 -.533333333333264
287 67 .444444444444413
288 67 .0111111111111084
289 67 -.00740740740740498
290 67 .0111111111111085
291 67 -.0333333333333252
292 67 -.0277777777777725
293 67 .133333333333281
294 67 .1111111111111
295 67 .19999999999995
296 67 .111111111111089
297 67 -.533333333333129
298 67 -.444444444444384
299 67 .0111111111111095
300 67 -.00740740740740553
301 67 -.0111111111111101
52 68 6.21724893790088e-15
53 68 .0222222222221879
54 68 -.0277777777777724
55 68 -.0333333333333217
58 68 .111111111111103
59 68 .133333333333302
67 68 -2.75335310107039e-14
68 68 3.73333333333264
69 68 0
70 68 -.222222222222254
71 68 -2.66453525910038e-14
72 68 -1.11111111111101
73 68 8.88178419700125e-15
74 68 -.0888888888888566
75 68 .111111111111091
76 68 .199999999999987
77 68 -.444444444444416
78 68 -.533333333333271
79 68 -.0111111111111092
80 68 -.0111111111111095
81 68 -.00740740740740545
82 68 -7.105427357601e-15
83 68 .0222222222221413
84 68 .0277777777777724
85 68 -.0333333333333228
86 68 4.44089209850063e-14
87 68 -1.11111111111077
88 68 -.111111111111108
89 68 .133333333333317
90 68 -.111111111111091
91 68 .199999999999966
92 68 .444444444444411
93 68 -.533333333333239
94 68 .0111111111111091
95 68 .0111111111111094
96 68 -.0074074074074055
269 68 .0277777777777715
270 68 -.0333333333333221
273 68 -.111111111111101
274 68 .13333333333331
280 68 0
281 68 -.222222222222228
282 68 -.111111111111083
283 68 .199999999999976
284 68 -2.1316282072803e-14
285 68 -.0888888888886101
286 68 .444444444444407
287 68 -.533333333333356
288 68 -.0111111111111115
289 68 .0111111111111107
290 68 -.00740740740740717
291 68 -.0277777777777722
292 68 -.0333333333333212
293 68 .111111111111085
294 68 .199999999999942
295 68 .111111111111101
296 68 .133333333333296
297 68 -.444444444444384
298 68 -.533333333333211
299 68 .0111111111111114
300 68 -.0111111111111108
301 68 -.00740740740740711
69 69 1
70 70 1
52 71 -.0888888888888864
53 71 3.5527136788005e-15
54 71 .133333333333306
55 71 .111111111111088
58 71 -.533333333333243
59 71 -.444444444444354
67 71 -.0888888888889214
68 71 -2.66453525910038e-14
69 71 .133333333333303
70 71 -.111111111111087
71 71 6.39999999999921
72 71 8.88178419700125e-16
73 71 -.533333333333221
74 71 .444444444444352
75 71 .177777777777652
76 71 -4.44089209850063e-16
77 71 -2.48888888888857
78 71 1.33226762955019e-14
79 71 -.044444444444441
80 71 -.0296296296296248
81 71 8.32667268468867e-17
269 71 .133333333333297
270 71 -.111111111111087
273 71 -.533333333333267
274 71 .444444444444365
280 71 .133333333333334
281 71 .111111111111094
282 71 .177777777777671
